2018-12-05 15:19:34.152 - Connecting camera 1
2018-12-05 15:19:36.406 -  Done
2018-12-05 15:19:36.406 - Connecting board /dev/ttyACM0 115200
2018-12-05 15:19:38.088 -  Done
2018-12-05 15:24:49.153 - Laser calibration 0
2018-12-05 15:24:49.154 -  Distance: 230.935526317
2018-12-05 15:24:49.154 -  Normal: [ 0.74777163 -0.00152002  0.66395428]
2018-12-05 15:24:49.154 -  Standard deviation: 0.0429724233238
2018-12-05 15:24:49.154 -  Point cloud size: 3317
2018-12-05 15:24:49.639 - Laser calibration 1
2018-12-05 15:24:49.639 -  Distance: 221.984274429
2018-12-05 15:24:49.640 -  Normal: [-0.78435867 -0.02848299  0.61965328]
2018-12-05 15:24:49.641 -  Standard deviation: 0.0402646241524
2018-12-05 15:24:49.641 -  Point cloud size: 3762
2018-12-05 15:26:02.738 - Platform calibration 
2018-12-05 15:26:02.739 -  Translation: [  -1.26341706   92.9969947   359.09863242]
2018-12-05 15:26:02.739 -  Rotation: [[  0.00000000e+00   9.99982940e-01  -5.84121086e-03] [  1.51420468e-02  -5.84054118e-03  -9.99868295e-01] [ -9.99885353e-01  -8.84478884e-05  -1.51417885e-02]]
2018-12-05 15:26:02.740 -  Normal: [-0.00584121 -0.99986829 -0.01514179]
2018-12-05 15:27:08.238 - Platform calibration 
2018-12-05 15:27:08.238 -  Translation: [  -1.25787977   92.99069934  359.06773876]
2018-12-05 15:27:08.239 -  Rotation: [[  0.00000000e+00   9.99981591e-01  -6.06768700e-03] [  1.53380649e-02  -6.06697323e-03  -9.99863959e-01] [ -9.99882365e-01  -9.30665772e-05  -1.53377826e-02]]
2018-12-05 15:27:08.239 -  Normal: [-0.00606769 -0.99986396 -0.01533778]
2018-12-05 15:28:24.935 - Start scan
2018-12-05 15:31:47.409 - Finish scan 35 %  Time 03' 19"
2018-12-05 15:40:11.206 - Start application SDLs 1.3
2018-12-05 15:40:24.402 - Connecting camera 1
2018-12-05 15:40:26.666 -  Done
2018-12-05 15:40:26.666 - Connecting board /dev/ttyACM0 115200
2018-12-05 15:40:30.671 - Error opening the port /dev/ttyACM0

2018-12-05 15:40:30.672 - Disconnecting camera 1
2018-12-05 15:40:30.674 -  Done
2018-12-05 15:40:35.147 - Uploading firmware: 
2018-12-05 15:40:35.148 -  avrdude -C /home/hoangchu/Desktop/sdls_project/res/tools/linux/avrdude.conf -c arduino -p atmega328p -P /dev/ttyACM0 -b 115200 -D -U flash:w:eeprom_clear.hex
2018-12-05 15:40:36.586 -  Upload completed
2018-12-05 15:40:39.590 -  avrdude -C /home/hoangchu/Desktop/sdls_project/res/tools/linux/avrdude.conf -c arduino -p atmega328p -P /dev/ttyACM0 -b 115200 -D -U flash:w:sdls-fw.hex
2018-12-05 15:40:47.391 -  Upload completed
2018-12-05 15:40:52.441 - Connecting camera 1
2018-12-05 15:40:54.689 -  Done
2018-12-05 15:40:54.689 - Connecting board /dev/ttyACM0 115200
2018-12-05 15:40:54.691 - Error opening the port /dev/ttyACM0

2018-12-05 15:40:54.692 - Disconnecting camera 1
2018-12-05 15:40:54.693 -  Done
2018-12-05 15:41:17.923 - Connecting camera 1
2018-12-05 15:41:20.174 -  Done
2018-12-05 15:41:20.174 - Connecting board /dev/ttyACM0 115200
2018-12-05 15:41:21.856 -  Done
2018-12-05 15:42:30.145 - Platform calibration 
2018-12-05 15:42:30.145 -  Translation: [  -1.40371103   93.0143473   360.04757035]
2018-12-05 15:42:30.146 -  Rotation: [[  0.00000000e+00   9.99985609e-01  -5.36486151e-03] [  1.49920655e-02  -5.36425857e-03  -9.99873223e-01] [ -9.99887613e-01  -8.04303554e-05  -1.49918498e-02]]
2018-12-05 15:42:30.146 -  Normal: [-0.00536486 -0.99987322 -0.01499185]
2018-12-05 15:47:25.312 - Disconnecting camera 1
2018-12-05 15:47:25.314 -  Done
2018-12-05 15:47:25.314 - Disconnecting board /dev/ttyACM0
2018-12-05 15:47:25.315 -  Done
2018-12-05 15:47:26.280 - Finish application SDLs 1.3
2018-12-05 15:47:30.456 - Start application SDLs 1.3
2018-12-05 15:47:33.065 - Connecting camera 1
2018-12-05 15:47:35.318 -  Done
2018-12-05 15:47:35.318 - Connecting board /dev/ttyACM0 115200
2018-12-05 15:47:36.997 -  Done
2018-12-05 15:48:11.074 - Disconnecting camera 1
2018-12-05 15:48:11.076 -  Done
2018-12-05 15:48:11.076 - Disconnecting board /dev/ttyACM0
2018-12-05 15:48:11.077 -  Done
2018-12-05 15:48:28.468 - Start application SDLs 1.3
2018-12-05 15:48:31.220 - Connecting camera 1
2018-12-05 15:48:33.474 -  Done
2018-12-05 15:48:33.475 - Connecting board /dev/ttyACM0 115200
2018-12-05 15:48:35.154 -  Done
2018-12-05 15:51:21.683 - Start application SDLs 1.3
2018-12-05 15:51:26.513 - Connecting camera 1
2018-12-05 15:51:28.765 -  Done
2018-12-05 15:51:28.766 - Connecting board /dev/ttyACM0 115200
2018-12-05 15:51:30.446 -  Done
2018-12-05 15:52:16.266 - Disconnecting camera 1
2018-12-05 15:52:16.267 -  Done
2018-12-05 15:52:16.267 - Disconnecting board /dev/ttyACM0
2018-12-05 15:52:16.268 -  Done
2018-12-05 15:52:17.735 - Finish application SDLs 1.3
2018-12-05 15:52:47.087 - Start application SDLs 1.3
2018-12-05 15:52:49.803 - Connecting camera 1
2018-12-05 15:52:52.053 -  Done
2018-12-05 15:52:52.053 - Connecting board /dev/ttyACM0 115200
2018-12-05 15:52:53.733 -  Done
2018-12-05 15:58:31.835 - Laser calibration 0
2018-12-05 15:58:31.836 -  Distance: 226.846973248
2018-12-05 15:58:31.836 -  Normal: [ 0.77410517 -0.01157515  0.63295119]
2018-12-05 15:58:31.836 -  Standard deviation: 0.036916726089
2018-12-05 15:58:31.836 -  Point cloud size: 4568
2018-12-05 15:58:32.138 - Laser calibration 1
2018-12-05 15:58:32.138 -  Distance: 227.839804912
2018-12-05 15:58:32.138 -  Normal: [-0.75830957 -0.03510334  0.65094881]
2018-12-05 15:58:32.139 -  Standard deviation: 0.0405929514203
2018-12-05 15:58:32.139 -  Point cloud size: 2994
2018-12-05 15:59:46.325 - Platform calibration 
2018-12-05 15:59:46.326 -  Translation: [   5.32247423   87.15943125  363.33198097]
2018-12-05 15:59:46.326 -  Rotation: [[  0.00000000e+00   9.99975569e-01  -6.99007839e-03] [  3.11841700e-02  -6.98667880e-03  -9.99489236e-01] [ -9.99513656e-01  -2.17979793e-04  -3.11834082e-02]]
2018-12-05 15:59:46.327 -  Normal: [-0.00699008 -0.99948924 -0.03118341]
2018-12-05 17:06:23.617 - Start application SDLs 1.3
2018-12-05 17:06:44.852 - Connecting camera 1
2018-12-05 17:06:45.709 - Disconnecting camera 1
2018-12-05 17:06:45.710 -  Done
2018-12-05 17:06:52.724 - Connecting camera 0
2018-12-05 17:06:55.065 -  Done
2018-12-05 17:06:55.065 - Connecting board /dev/ttyACM0 115200
2018-12-05 17:06:56.743 -  Done
2018-12-05 17:16:44.479 - Laser calibration 0
2018-12-05 17:16:44.480 -  Distance: 226.294839716
2018-12-05 17:16:44.480 -  Normal: [ 0.76993152 -0.0111385   0.6380293 ]
2018-12-05 17:16:44.480 -  Standard deviation: 0.0449468508554
2018-12-05 17:16:44.481 -  Point cloud size: 5070
2018-12-05 17:16:45.003 - Laser calibration 1
2018-12-05 17:16:45.004 -  Distance: 228.352287191
2018-12-05 17:16:45.004 -  Normal: [-0.76434661 -0.03492125  0.64385927]
2018-12-05 17:16:45.004 -  Standard deviation: 0.0482655266525
2018-12-05 17:16:45.004 -  Point cloud size: 4117
2018-12-05 17:17:55.115 - Platform calibration 
2018-12-05 17:17:55.116 -  Translation: [   5.19587803   86.89741212  363.20782012]
2018-12-05 17:17:55.116 -  Rotation: [[  0.00000000e+00   9.99958677e-01  -9.09091344e-03] [  3.33582920e-02  -9.08585396e-03  -9.99402157e-01] [ -9.99443457e-01  -3.03257345e-04  -3.33569135e-02]]
2018-12-05 17:17:55.117 -  Normal: [-0.00909091 -0.99940216 -0.03335691]
2018-12-05 17:19:03.139 - Start scan
2018-12-05 17:20:02.323 - Finish scan 10 %  Time 00' 59"
2018-12-05 17:20:02.342 - Disconnecting camera 0
2018-12-05 17:20:02.343 -  Done
2018-12-05 17:20:02.344 - Disconnecting board /dev/ttyACM0
2018-12-05 17:20:02.344 -  Done
2018-12-05 17:20:27.520 - Connecting camera 0
2018-12-05 17:20:27.996 -  Done
2018-12-05 17:20:27.996 - Connecting board /dev/ttyACM0 115200
2018-12-05 17:20:29.677 -  Done
2018-12-05 17:20:44.143 - Start scan
2018-12-05 17:20:55.456 - Finish scan 0 %  Time 59' 19"
2018-12-05 17:21:03.527 - Disconnecting camera 0
2018-12-05 17:21:03.528 -  Done
2018-12-05 17:21:03.529 - Disconnecting board /dev/ttyACM0
2018-12-05 17:21:03.569 -  Done
2018-12-05 17:21:21.671 - Connecting camera 0
2018-12-05 17:21:22.144 -  Done
2018-12-05 17:21:22.145 - Connecting board /dev/ttyACM0 115200
2018-12-05 17:21:23.824 -  Done
2018-12-05 17:21:31.767 - Disconnecting camera 0
2018-12-05 17:21:31.767 -  Done
2018-12-05 17:21:31.768 - Disconnecting board /dev/ttyACM0
2018-12-05 17:21:31.769 -  Done
2018-12-05 17:21:31.915 - Finish application SDLs 1.3
2018-12-05 17:21:36.802 - Start application SDLs 1.3
2018-12-05 17:21:38.879 - Connecting camera 0
2018-12-05 17:21:41.148 -  Done
2018-12-05 17:21:41.149 - Connecting board /dev/ttyACM0 115200
2018-12-05 17:21:42.826 -  Done
2018-12-05 17:22:06.950 - Start scan
2018-12-05 17:22:51.415 - Finish scan 7 %  Time 00' 43"
2018-12-05 17:23:03.317 - Start scan
2018-12-05 17:32:08.225 - Finish scan 100 %  Time 09' 04"
2018-12-05 17:37:59.146 - Start scan
2018-12-05 17:44:33.014 - Finish scan 100 %  Time 06' 33"
2018-12-05 17:46:02.314 - Start scan
2018-12-05 17:50:11.957 - Finish scan 45 %  Time 04' 09"
2018-12-05 17:50:11.972 - Disconnecting camera 0
2018-12-05 17:50:11.974 -  Done
2018-12-05 17:50:11.974 - Disconnecting board /dev/ttyACM0
2018-12-05 17:50:11.974 -  Done
2018-12-05 18:02:38.126 - Finish application SDLs 1.3
