2018-12-02 22:31:20.978 - Finish application SDLs 1.3
2018-12-02 22:31:58.527 - Start application SDLs 1.3
2018-12-02 22:32:47.304 - Finish application SDLs 1.3
2018-12-02 22:33:47.297 - Start application SDLs 1.3
2018-12-02 22:40:31.312 - Finish application SDLs 1.3
2018-12-02 22:41:50.767 - Start application SDLs 1.3
2018-12-02 22:43:20.870 - Start application SDLs 1.3
2018-12-02 22:45:56.250 - Finish application SDLs 1.3
2018-12-02 22:48:13.271 - Start application SDLs 1.3
2018-12-02 22:50:18.573 - Finish application SDLs 1.3
2018-12-02 22:54:49.253 - Start application SDLs 1.3
2018-12-02 22:55:31.710 - Finish application SDLs 1.3
2018-12-02 22:56:11.588 - Start application SDLs 1.3
2018-12-02 22:56:22.431 - Finish application SDLs 1.3
2018-12-02 22:57:04.205 - Start application SDLs 1.3
2018-12-02 22:57:19.169 - Finish application SDLs 1.3
2018-12-02 22:57:44.573 - Start application SDLs 1.3
2018-12-02 22:58:29.937 - Finish application SDLs 1.3
2018-12-02 22:59:07.656 - Start application SDLs 1.3
2018-12-02 23:00:53.380 - Finish application SDLs 1.3
2018-12-02 23:00:56.635 - Start application SDLs 1.3
2018-12-02 23:01:05.835 - Finish application SDLs 1.3
2018-12-02 23:01:54.486 - Start application SDLs 1.3
2018-12-02 23:02:51.367 - Finish application SDLs 1.3
2018-12-02 23:03:02.728 - Start application SDLs 1.3
2018-12-02 23:03:16.819 - Finish application SDLs 1.3
2018-12-02 23:04:04.210 - Start application SDLs 1.3
2018-12-02 23:05:19.176 - Finish application SDLs 1.3
2018-12-02 23:06:47.614 - Start application SDLs 1.3
2018-12-02 23:08:17.004 - Finish application SDLs 1.3
2018-12-02 23:10:55.339 - Start application SDLs 1.3
2018-12-02 23:11:39.955 - Finish application SDLs 1.3
2018-12-02 23:13:01.689 - Start application SDLs 1.3
2018-12-02 23:13:46.079 - Start application SDLs 1.3
2018-12-02 23:14:10.554 - Finish application SDLs 1.3
2018-12-02 23:14:31.452 - Start application SDLs 1.3
2018-12-02 23:14:51.515 - Finish application SDLs 1.3
2018-12-02 23:18:01.438 - Start application SDLs 1.3
2018-12-02 23:18:17.751 - Finish application SDLs 1.3
2018-12-02 23:18:38.786 - Start application SDLs 1.3
2018-12-02 23:18:45.354 - Finish application SDLs 1.3
2018-12-02 23:19:02.047 - Start application SDLs 1.3
2018-12-02 23:19:29.684 - Finish application SDLs 1.3
2018-12-02 23:20:58.570 - Start application SDLs 1.3
2018-12-02 23:21:05.114 - Finish application SDLs 1.3
2018-12-02 23:21:19.710 - Start application SDLs 1.3
2018-12-02 23:21:35.216 - Finish application SDLs 1.3
2018-12-02 23:22:20.618 - Start application SDLs 1.3
2018-12-02 23:22:24.661 - Finish application SDLs 1.3
2018-12-02 23:22:45.999 - Start application SDLs 1.3
2018-12-02 23:22:49.099 - Finish application SDLs 1.3
2018-12-02 23:22:59.999 - Start application SDLs 1.3
2018-12-02 23:23:16.784 - Finish application SDLs 1.3
2018-12-02 23:23:44.514 - Start application SDLs 1.3
2018-12-02 23:24:09.023 - Finish application SDLs 1.3
2018-12-02 23:24:55.170 - Start application SDLs 1.3
2018-12-02 23:25:33.998 - Finish application SDLs 1.3
2018-12-02 23:25:45.852 - Start application SDLs 1.3
2018-12-02 23:26:27.738 - Finish application SDLs 1.3
2018-12-02 23:27:25.966 - Start application SDLs 1.3
2018-12-02 23:28:20.754 - Finish application SDLs 1.3
2018-12-02 23:29:02.762 - Start application SDLs 1.3
2018-12-02 23:34:11.979 - Finish application SDLs 1.3
2018-12-02 23:39:01.209 - Start application SDLs 1.3
2018-12-02 23:45:32.701 - Finish application SDLs 1.3
2018-12-03 08:51:25.075 - Start application SDLs 1.3
2018-12-03 08:51:36.801 - Connecting camera 0
2018-12-03 08:51:38.125 - Disconnecting camera 0
2018-12-03 08:51:38.127 -  Done
2018-12-03 08:51:48.602 - Connecting camera 1
2018-12-03 08:51:50.954 -  Done
2018-12-03 08:51:50.954 - Connecting board /dev/ttyACM0 115200
2018-12-03 08:51:52.627 -  Done
2018-12-03 08:54:47.207 - Laser calibration 0
2018-12-03 08:54:47.207 -  Distance: 174.601007816
2018-12-03 08:54:47.208 -  Normal: [ 0.81002124 -0.03813368  0.58515931]
2018-12-03 08:54:47.208 -  Standard deviation: 0.0477636504921
2018-12-03 08:54:47.208 -  Point cloud size: 1535
2018-12-03 08:54:47.408 - Laser calibration 1
2018-12-03 08:54:47.409 -  Distance: 178.996145738
2018-12-03 08:54:47.409 -  Normal: [-0.8205457  -0.024147    0.57107065]
2018-12-03 08:54:47.409 -  Standard deviation: 0.0400935626857
2018-12-03 08:54:47.410 -  Point cloud size: 2082
2018-12-03 09:00:51.406 - Laser calibration 0
2018-12-03 09:00:51.407 -  Distance: 188.265506086
2018-12-03 09:00:51.407 -  Normal: [ 0.75904053 -0.02377785  0.65060901]
2018-12-03 09:00:51.407 -  Standard deviation: 0.0485917801386
2018-12-03 09:00:51.407 -  Point cloud size: 3770
2018-12-03 09:00:51.971 - Laser calibration 1
2018-12-03 09:00:51.971 -  Distance: 185.346650477
2018-12-03 09:00:51.972 -  Normal: [-0.79654883 -0.03270124  0.60368916]
2018-12-03 09:00:51.972 -  Standard deviation: 0.0539915096052
2018-12-03 09:00:51.972 -  Point cloud size: 4114
2018-12-03 09:02:12.811 - Platform calibration 
2018-12-03 09:02:12.812 -  Translation: [  -0.53764706   31.55841985  293.18776698]
2018-12-03 09:02:12.812 -  Rotation: [[  0.00000000e+00   9.99991696e-01  -4.07521544e-03] [  3.59222909e-02  -4.07258524e-03  -9.99346288e-01] [ -9.99354586e-01  -1.46391075e-04  -3.59219927e-02]]
2018-12-03 09:02:12.812 -  Normal: [-0.00407522 -0.99934629 -0.03592199]
2018-12-03 09:07:27.063 - Laser calibration 0
2018-12-03 09:07:27.064 -  Distance: 189.896406066
2018-12-03 09:07:27.064 -  Normal: [ 0.76056605 -0.02641991  0.6487228 ]
2018-12-03 09:07:27.064 -  Standard deviation: 0.0602690772992
2018-12-03 09:07:27.064 -  Point cloud size: 2279
2018-12-03 09:07:27.288 - Laser calibration 1
2018-12-03 09:07:27.288 -  Distance: 188.09711673
2018-12-03 09:07:27.288 -  Normal: [-0.78384741 -0.00194535  0.62095044]
2018-12-03 09:07:27.289 -  Standard deviation: 0.0560722027924
2018-12-03 09:07:27.289 -  Point cloud size: 2284
2018-12-03 09:12:47.443 - Laser calibration 0
2018-12-03 09:12:47.443 -  Distance: 193.850239338
2018-12-03 09:12:47.444 -  Normal: [ 0.75842331 -0.01880466  0.65149096]
2018-12-03 09:12:47.444 -  Standard deviation: 0.0551112085171
2018-12-03 09:12:47.444 -  Point cloud size: 3175
2018-12-03 09:12:47.723 - Laser calibration 1
2018-12-03 09:12:47.724 -  Distance: 183.029111653
2018-12-03 09:12:47.724 -  Normal: [-0.78026296 -0.03020803  0.62472168]
2018-12-03 09:12:47.724 -  Standard deviation: 0.0606633221954
2018-12-03 09:12:47.725 -  Point cloud size: 2666
2018-12-03 09:14:48.251 - Platform calibration 
2018-12-03 09:14:48.251 -  Translation: [   1.89136586   29.7221308   294.15599278]
2018-12-03 09:14:48.252 -  Rotation: [[  0.00000000e+00   9.99982652e-01  -5.89034500e-03] [  4.28417322e-02  -5.88493690e-03  -9.99064539e-01] [ -9.99081872e-01  -2.52352583e-04  -4.28409889e-02]]
2018-12-03 09:14:48.252 -  Normal: [-0.00589034 -0.99906454 -0.04284099]
2018-12-03 09:15:05.030 - Start scan
2018-12-03 09:18:01.656 - Finish scan 32 %  Time 02' 55"
2018-12-03 09:18:31.294 - Start scan
2018-12-03 09:20:34.661 - Finish scan 22 %  Time 02' 01"
2018-12-03 09:20:55.789 - Start scan
2018-12-03 09:22:06.067 - Finish scan 12 %  Time 01' 08"
2018-12-03 09:26:09.662 - Laser calibration 0
2018-12-03 09:26:09.662 -  Distance: 191.751994374
2018-12-03 09:26:09.663 -  Normal: [ 0.76589098 -0.02089859  0.64263073]
2018-12-03 09:26:09.663 -  Standard deviation: 0.0542100251653
2018-12-03 09:26:09.663 -  Point cloud size: 2857
2018-12-03 09:26:09.948 - Laser calibration 1
2018-12-03 09:26:09.948 -  Distance: 184.458003192
2018-12-03 09:26:09.949 -  Normal: [-0.77471428 -0.03221057  0.63149051]
2018-12-03 09:26:09.949 -  Standard deviation: 0.0561747248088
2018-12-03 09:26:09.949 -  Point cloud size: 2719
2018-12-03 09:27:31.020 - Laser calibration 0
2018-12-03 09:27:31.021 -  Distance: 191.390778093
2018-12-03 09:27:31.021 -  Normal: [ 0.76725739 -0.02112411  0.64099132]
2018-12-03 09:27:31.021 -  Standard deviation: 0.0556936758947
2018-12-03 09:27:31.021 -  Point cloud size: 2647
2018-12-03 09:27:31.337 - Laser calibration 1
2018-12-03 09:27:31.337 -  Distance: 182.414844796
2018-12-03 09:27:31.338 -  Normal: [-0.78266192 -0.02482381  0.62195184]
2018-12-03 09:27:31.338 -  Standard deviation: 0.0524601768658
2018-12-03 09:27:31.338 -  Point cloud size: 2831
2018-12-03 09:28:37.692 - Platform calibration 
2018-12-03 09:28:37.692 -  Translation: [   1.8493375    76.61225069  295.92055176]
2018-12-03 09:28:37.693 -  Rotation: [[  0.00000000e+00   9.99985950e-01  -5.30092433e-03] [  4.14367055e-02  -5.29637153e-03  -9.99127093e-01] [ -9.99141131e-01  -2.19652840e-04  -4.14361233e-02]]
2018-12-03 09:28:37.693 -  Normal: [-0.00530092 -0.99912709 -0.04143612]
2018-12-03 09:29:33.192 - Start scan
2018-12-03 09:31:52.886 - Finish scan 30 %  Time 02' 18"
2018-12-03 09:32:27.543 - Start scan
2018-12-03 09:33:01.076 - Finish scan 6 %  Time 00' 32"
2018-12-03 09:44:59.726 - Laser calibration 0
2018-12-03 09:44:59.726 -  Distance: 194.050666913
2018-12-03 09:44:59.727 -  Normal: [ 0.78438708 -0.01759764  0.62002196]
2018-12-03 09:44:59.727 -  Standard deviation: 0.0558678167072
2018-12-03 09:44:59.727 -  Point cloud size: 2179
2018-12-03 09:44:59.932 - Laser calibration 1
2018-12-03 09:44:59.932 -  Distance: 185.069574218
2018-12-03 09:44:59.933 -  Normal: [-0.77498753 -0.03402363  0.63106   ]
2018-12-03 09:44:59.933 -  Standard deviation: 0.0535987085656
2018-12-03 09:44:59.933 -  Point cloud size: 2098
2018-12-03 09:46:06.832 - Platform calibration 
2018-12-03 09:46:06.833 -  Translation: [   2.06929702   78.09415929  295.43552413]
2018-12-03 09:46:06.833 -  Rotation: [[  0.00000000e+00   9.99970762e-01  -7.64684450e-03] [  4.95439881e-02  -7.63745373e-03  -9.98742741e-01] [ -9.98771943e-01  -3.78855173e-04  -4.95425395e-02]]
2018-12-03 09:46:06.834 -  Normal: [-0.00764684 -0.99874274 -0.04954254]
2018-12-03 09:46:53.187 - Start scan
2018-12-03 09:48:01.345 - Finish scan 23 %  Time 01' 07"
2018-12-03 09:50:14.063 - Disconnecting camera 1
2018-12-03 09:50:14.064 -  Done
2018-12-03 09:50:14.066 - Disconnecting board /dev/ttyACM0
2018-12-03 09:50:14.142 -  Done
2018-12-03 09:50:40.313 - Connecting camera 1
2018-12-03 09:50:42.567 -  Done
2018-12-03 09:50:42.567 - Connecting board /dev/ttyACM0 115200
2018-12-03 09:50:44.247 -  Done
2018-12-03 09:53:47.682 - Laser calibration 0
2018-12-03 09:53:47.682 -  Distance: 194.819265408
2018-12-03 09:53:47.683 -  Normal: [ 0.78187517 -0.01638021  0.62321979]
2018-12-03 09:53:47.683 -  Standard deviation: 0.0506682122177
2018-12-03 09:53:47.683 -  Point cloud size: 2450
2018-12-03 09:53:47.869 - Laser calibration 1
2018-12-03 09:53:47.869 -  Distance: 185.336060844
2018-12-03 09:53:47.869 -  Normal: [-0.77362497 -0.04485483  0.63205415]
2018-12-03 09:53:47.870 -  Standard deviation: 0.0538542435239
2018-12-03 09:53:47.870 -  Point cloud size: 2089
2018-12-03 09:55:09.520 - Platform calibration 
2018-12-03 09:55:09.521 -  Translation: [   1.96405716   78.34533608  295.76230125]
2018-12-03 09:55:09.523 -  Rotation: [[  0.00000000e+00   9.99978434e-01  -6.56747516e-03] [  4.84208457e-02  -6.55977166e-03  -9.98805482e-01] [ -9.98827023e-01  -3.18002701e-04  -4.84198014e-02]]
2018-12-03 09:55:09.524 -  Normal: [-0.00656748 -0.99880548 -0.0484198 ]
2018-12-03 09:57:05.861 - Start scan
2018-12-03 10:02:23.763 - Finish scan 100 %  Time 05' 16"
2018-12-03 10:16:50.984 - Start application SDLs 1.3
2018-12-03 10:17:05.327 - Connecting camera 1
2018-12-03 10:17:08.186 -  Done
2018-12-03 10:17:08.186 - Connecting board /dev/ttyACM0 115200
2018-12-03 10:17:09.867 -  Done
2018-12-03 10:19:55.292 - Start application SDLs 1.3
2018-12-03 10:20:04.400 - Connecting camera 1
2018-12-03 10:20:06.648 -  Done
2018-12-03 10:20:06.649 - Connecting board /dev/ttyACM0 115200
2018-12-03 10:20:08.325 -  Done
2018-12-03 10:21:50.880 - Disconnecting camera 1
2018-12-03 10:21:50.882 -  Done
2018-12-03 10:21:50.882 - Disconnecting board /dev/ttyACM0
2018-12-03 10:21:50.883 -  Done
2018-12-03 10:22:03.288 - Connecting camera 1
2018-12-03 10:22:05.536 - Disconnecting camera 1
2018-12-03 10:22:05.537 -  Done
2018-12-03 10:22:11.023 - Connecting camera 0
2018-12-03 10:22:11.825 - Disconnecting camera 0
2018-12-03 10:22:11.826 -  Done
2018-12-03 10:22:16.656 - Connecting camera 1
2018-12-03 10:22:18.903 -  Done
2018-12-03 10:22:18.903 - Connecting board /dev/ttyACM0 115200
2018-12-03 10:22:20.581 -  Done
2018-12-03 10:24:00.034 - Laser calibration 0
2018-12-03 10:24:00.034 -  Distance: 193.895454897
2018-12-03 10:24:00.035 -  Normal: [ 0.78606234 -0.01442186  0.61797897]
2018-12-03 10:24:00.035 -  Standard deviation: 0.0588137512293
2018-12-03 10:24:00.035 -  Point cloud size: 2464
2018-12-03 10:24:00.357 - Laser calibration 1
2018-12-03 10:24:00.357 -  Distance: 182.395083038
2018-12-03 10:24:00.358 -  Normal: [-0.78427032 -0.03827355  0.6192376 ]
2018-12-03 10:24:00.358 -  Standard deviation: 0.0500546433826
2018-12-03 10:24:00.358 -  Point cloud size: 2584
2018-12-03 10:25:07.618 - Platform calibration 
2018-12-03 10:25:07.619 -  Translation: [   1.8893851    78.12413207  296.41930302]
2018-12-03 10:25:07.620 -  Rotation: [[  0.00000000e+00   9.99972134e-01  -7.46533920e-03] [  4.85621613e-02  -7.45653131e-03  -9.98792329e-01] [ -9.98820162e-01  -3.62533006e-04  -4.85608080e-02]]
2018-12-03 10:25:07.620 -  Normal: [-0.00746534 -0.99879233 -0.04856081]
2018-12-03 10:26:12.785 - Start scan
2018-12-03 10:30:58.413 - Finish scan 100 %  Time 04' 45"
2018-12-03 10:33:12.329 - Start scan
2018-12-03 10:37:18.287 - Finish scan 100 %  Time 04' 05"
